2023-05-25 13:13:33
0
0.1870286576168929
0.2069327731092437
0.22175066312997346
0.2685475444096133
0.3137254901960784
0.3322163714696027
0.3610586011342155
0.36801541425818884
0.37583892617449666
0.3752991862134992
0
0.39274080967892044
0.43985307621671255
0.45182111572153066
0.47645429362880887
0.5077812361049354
0.5352606219886115
0.5416484954208461
0.5473032714412024
0.5533039647577093
0.5521796565389697

2023-05-25 15:35:43
0
0.18614270941054806
0.23248730964467004
0.2916666666666667
0.32719836400818
0.3811320754716981
0.4126547455295736
0.4373596766951055
0.45429616087751373
0.4536652835408022
0.4616087751371115
0
0.4826048171275647
0.565293602103418
0.5996472663139331
0.6410934744268078
0.6795952782462057
0.6953999171156237
0.7057851239669422
0.7124534546959039
0.7117229870671674
0.7123857024106401


2023-05-25 20:34:03
0
0.20934723831595214
0.18932527693857
0.19327731092436978
0.2047569803516029
0.209375
0.21725571725571727
0.22406639004149378
0.2256728778467909
0.22962583290620195
0.2291880781089414
0
0.24439918533604885
0.25651720542231493
0.2874555611985779
0.3061728395061729
0.3205882352941177
0.33073929961089493
0.3424124513618677
0.34626576139670223
0.35350624399615754
0.35311143270622286

2023-05-25 21:50:25
0
0.6963265306122448
0.8447937131630648
0.8859330914953647
0.9084337349397591
0.906099518459069
0.9010812975570685
0.9119295436349079
0.9118468288791385
0.9152
0.9128000000000001

2023-05-25 23:05:23

2023-05-25 23:21:35

2023-05-25 23:25:27

2023-05-25 23:34:09

2023-05-25 23:50:48

2023-05-25 23:54:15

2023-05-26 10:52:52
0

2023-05-26 10:54:49

2023-05-26 14:18:13

2023-05-26 14:26:30

2023-05-26 16:43:28

2023-05-26 18:35:36

2023-05-28 03:39:07

2023-05-28 23:26:08

2023-05-28 23:27:34

2023-05-29 02:41:07

2023-05-29 02:46:22

2023-05-29 02:48:21
0
0.6390675241157556
0.8254217340133386
0.8664546899841018
0.8762886597938145
0.879494271039115
0.8773175542406312
0.8808208366219415
0.8829325975561687
0.8824693312227939
0.8828402366863906

2023-05-29 03:07:14
0
0.7220245156188217
0.8733829870638965

2023-05-29 03:13:49
0
0.6852367688022284
0.8882636655948553
0.826388888888889
0.8501797842588894
0.8704746580852775
0.8952228020875149
0.8651014723438121
0.8688783570300158
0.8921843687374749
0.8694610778443114
0.8721389108129439
0.8716108452950558
0.8987951807228916
0.8708399366085577
0.8975492165528324
0.8984
0.8984343637093536
0.8990384615384615

2023-06-11 19:23:17

2023-06-11 20:48:15

2023-06-11 22:18:14

2023-06-12 15:03:42
0
0.3680823680823681
0.48200726312314296
0.3979933110367893
0.4344919786096257
0.4501628664495114
0.42842975206611567
0.42143113987774183

2023-06-12 17:08:43
0
0.3873873873873873
0.47514848390121917

2023-06-12 17:46:37
0
0.33015597920277295
0.45460317460317456
0.4341405788541051
0.41182536954279814
0.44970414201183434
0.43143493477569206
0.4419615145872129
0.40903225806451615
0.43922053819981444
0.4040333796940195
0.41138790035587186
0.42366277010272757
0.4216949152542373
0.42911348740945154
0.3929419748897183

2023-06-12 19:25:51
0
0.494277539341917
0.535006605019815
0.535750940814232
0.5453945196434467
0.5362819626814098
0.542397137745975
0.5378207264245252
0.5515130907854472
0.541095890410959
0.5474974463738508

2023-06-12 19:59:20
0
0.3541421279937181
0.5172656800563776
0.5523632993512512
0.5754296626352642
0.5535006605019815
0.5497981157469717
0.5633528265107213
0.5599737101544527
0.5570715474209651

2023-06-12 20:27:41
0
0.6175726927939318
0.6612802983219391
0.6335903452899765
0.6281833616298811
0.6499517839922854
0.6459345643019112
0.6369008535784636

2023-06-12 20:47:37
0
0.5405405405405406
0.6093701520322681
0.6325958242443129
0.63758819756254
0.645486001887386
0.6478962353685543
0.6324289405684754
0.6240157480314961
0.6372990353697748
0.6324289405684754

2023-06-12 21:45:35
0
0.5858648481091134
0.6402457757296467
0.6513136555303276
0.6234652114597544
0.64384
0.6259740259740261
0.6170979364559449
0.6311286607436657

2023-06-12 22:23:34
0
0.6614583333333333
0.725791287997493
0.7127388535031847
0.6948700866089274
0.7056222362602653
0.7153001936733375
0.7116249197174053

2023-06-12 22:55:15
0
0.6175726927939318
0.6612802983219391
0.6335903452899765
0.6281833616298811
0.6499517839922854
0.6459345643019112
0.6369008535784636

2023-06-14 15:31:18

2023-06-14 15:32:22
0.037037037037037035
0.6244401791426744
0.6849828285981892
0.6879591184924945
0.6354827931840962
0.6806858621805242
0.6890756302521008
0.6749509483322432
0.6806833114323259
0.6797129810828442
0.6754443712969058

2023-06-14 19:05:10
0
0.622961104140527
0.6551386623164763
0.6625924734641364
0.6682027649769585
0.6740764955867931
0.6613809051866535
0.6716563618613732
0.6622778143515471
0.6733247422680412
0.6763472087770248

2023-06-14 19:28:03
0
0.6164807930607187
0.6550161812297735
0.6323529411764706
0.6624584717607973
0.624452677669249
0.6400797607178466
0.6287625418060201
0.6317195325542571
0.6390850992263706

2023-06-14 19:40:34
0
0.6856084002470662
0.7064045656309449
0.7225396825396826
0.7018892090938199
0.6824457593688362
0.7126805778491172
0.7182823682498373
0.7029508196721312

2023-06-14 20:16:54
0.18518518518518517
0.6654343807763402
0.7037037037037036
0.7038327526132404
0.6981910504601715
0.6968119713728042
0.6831143864146108
0.6879686990544506
0.6735550532773652

2023-06-14 20:43:38
0
0.6931781441965729
0.7019867549668874
0.7235008103727716
0.7014066496163682
0.6765847347994824
0.6859344894026974
0.7062600321027288
0.7025296189561319

2023-06-14 21:08:10
0
0.6782393056416616
0.6892405063291139
0.7364121897580899
0.7227819304517388
0.7169811320754718
0.7214669617451787
0.70464
0.7160256410256409

2023-06-14 21:33:58
0
0.6061548026111284
0.6536616565398145
0.6452648475120385
0.6703800786369595
0.6649434571890146

2023-06-14 21:41:25
0.03846153846153846
0.6568434839554682
0.6526867627785058
0.6564437194127242
0.6384976525821596
0.6478232618583496
0.6862432173635493
0.6866051543111678
0.6826987307949232
0.6591437105874542
0.6768829475057058
0.6677989130434784
0.6923330042777229
0.6954787234042552
0.6944444444444444

2023-06-15 01:33:04
0

2023-06-15 01:33:53
0.03669724770642202
0.6715328467153285
0.7165404040404041
0.7144638403990025
0.7402680280791322
0.7112944162436549
0.7007999999999999
0.7064102564102563
0.7125921179109259
0.708974358974359

2023-06-15 21:15:49
0
0.5372227286539045
0.6129853596435392
0.635574139594725

2023-06-15 21:20:46
0.01818181818181818
0.6415339616509588
0.6489088575096277
0.6485602094240837
0.6565623992260561
0.6449723397331597
0.644167758846658
0.6444662095984329
0.6788813886210221
0.6495781959766385
0.6789286866731203
0.7020169160702668
0.6848146933420793
0.6931668856767411
0.690112806901128
0.6859254282835069
0.6947577969475779

2023-06-15 21:55:50
0.05217391304347826
0.39094650205761317
0.41386554621848737
0.41339770669885334
0.399879554351099
0.3763888888888889
0.37960339943342775
0.380561691385295

2023-06-17 15:04:38
0
0.41330702001691577
0.4103585657370517
0.4301643192488263
0.39216924534259556
0.40805288461538464
0.41852181656277826
0.40118772682283077
0.37757514353259036

2023-06-17 15:22:55
0.0380952380952381
0.663332291341044

2023-06-17 15:25:18
0.024691358024691357
0.6931956257594168
0.49860810392824
0.7111245832070324
0.5772331505965818
0.7212403100775194
0.5415463586782162
0.6998722860791826
0.5781865965834428
0.7063197026022306
0.5793418051482568
0.7010698552548773
0.5625
0.7118326568841712
0.5581395348837209
0.7069448769853628
0.5633321952884943
0.5637221847606204
0.563569272056357

2023-06-18 11:00:33
0
0.5983658076681333
0.6630778974034198
0.6751754945756223
0.6666666666666666
0.6666666666666666
0.6637816245006658

2023-06-18 11:08:07
0.6501789781972014
0
0.658876987990912
0.6037735849056602
0.6599999999999999
0.6595140422846324

2023-06-18 11:13:30
0.034782608695652174
0.6518032786885245
0.5955721858434674
0.6700347331859804
0.6576377952755906
0.644189852700491
0.6623959000640615
0.6445096122515478
0.6506024096385543
0.6698412698412698
0.6550500161342369
0.6739409499358152
0.6560571614160441
0.6575698505523068
0.6533682145192936
0.639763779527559

2023-06-18 11:25:11
0.6438709677419355
0
0.6332326283987915
0.6469072164948454
0.6903846153846154
0.6909205947484972
0.683883622098725
0.6940104166666666
0.6976744186046512
0.6864213611201563
0.6844532279314888
0.6848425835767608
0.68606530876172

2023-06-18 11:48:13
0.017857142857142856
0.5597351790550708
0.630779392338177
0.6460148434979025
0.6636245110821382
0.6605624591236102
0.6563222185539782
0.6538461538461539
0.6522606382978724
0.65055519268452

2023-06-24 17:51:09
0.0392156862745098
0.6703635243376463
0.6976309226932669
0.7096571248820384
0.7171620325982743
0.708253358925144
0.7141488342382624
0.7105852254557083
0.7160334835801675
0.7108125399872042

2023-06-24 18:06:15
0.03773584905660377
0.6700188560653677
0.7022418692769182
0.7148721187243449
0.6937874487543362
0.7058823529411765
0.7041078305519898
0.7139191789608723
0.706183915411727

2023-06-24 18:20:54
0.0380952380952381
0.6641627543035994
0.7247208931419458
0.723700887198986
0.7220216606498194
0.7189922480620156
0.7218670076726342
0.7263361236316808
0.7215230719586964
0.7187600904100743
0.7232947232947232

2023-06-24 18:52:50
0.027649769585253458
0.6177948566361218
0.6895465994962217
0.7154626108998733
0.721938775510204
0.723700887198986
0.7343302577155584
0.729381443298969
0.7301688435807582
0.7212903225806452
0.7244701348747591

2023-06-24 19:44:07
0.028037383177570093
0.6156573116691284
0.6982434127979925
0.7044534412955467
0.7176730951628201
0.7217336683417085
0.7276166456494325
0.7220262904777173
0.7209003215434083
0.721166032953105
0.7247208931419458

2023-06-24 20:04:00
0.0380952380952381
0.36929993577392417
0.5331316187594554
0.6117430064555796
0.6326845844918134
0.6537982565379825
0.6679069767441861
0.6766729205753595
0.6842105263157895
0.6814629571741169
0.6875587590097149
0.6893963090397247
0.6931747025673137
0.6964229186451408
0.6931498279637159
0.6925996204933587
0.6968641114982578
0.6984527944426903
0.6989860583016476
0.6967497633322814
0.6972477064220183

2023-06-24 20:30:52
0.0380952380952381
0.6660459342023588
0.6821917808219179
0.6715328467153284
0.6256874797800065
0.6576227390180879
0.6550476816836567
0.638888888888889

2023-07-03 15:50:17

2023-07-03 15:57:43
0.055045871559633024
0.6186280679672751
0.6900734120651134
0.7048969072164947
0.710035959463877
0.7091556130702039
0.7326169405815424
0.7028423772609819
0.7102864583333334
0.711620294599018
0.7104117843990627
0.7199741016510197

2023-07-03 16:15:32
0.05714285714285714
0.619452313503305
0.6911295469049138
0.7123993558776167

2023-07-03 16:20:13
0.07766990291262137
0.6253948199620972

2023-07-03 16:22:35
0.04
0.609933565327428
0.6875391358797746
0.6895250078641081
0.7076326002587322
0.7112676056338028
0.7155555555555556
0.7071290944123314
0.7141463414634146
0.7083467611988398
0.7148038245961095
0.7159533073929961
0.7206317867719644
0.7107923051842191
0.7194805194805195
0.7200520833333334
0.7112422156669945
0.7200784826684108

2023-07-03 17:05:20
0.038461538461538464
0.6274632467938692
0.7106858054226476
0.7140102827763496
0.7146614069690993
0.7098865478119935
0.7341610951926137
0.7145156099130994
0.7125081859855926
0.7092796885139518
0.710569641093184
0.7182962245885769

2023-07-03 17:22:39
0.037383177570093455
0.6251572327044026
0.7082673424136839
0.7160256410256409
0.7059593975114604
0.7089673033344124
0.7272727272727272
0.7050128534704371
0.7167592290101273
0.7005208333333334
0.6999666999666999
0.705045278137128

2023-07-07 15:56:10

2023-07-07 18:43:00
0.0380952380952381
0.6206681236340931
0.7050175775007991
0.7125039974416374
0.7298794395568589
0.7073170731707316
0.7291268323773104
0.7224187841749758
0.7233354880413704
0.7111690003256269

2023-07-07 18:56:27
0.0380952380952381
0.6641627543035994
0.7247208931419458
0.723700887198986
0.7220216606498194
0.7189922480620156
0.7218670076726342
0.7263361236316808
0.7215230719586964
0.7187600904100743
0.7232947232947232

2023-07-07 19:10:41
0.0380952380952381
0.6618659987476518
0.7172457762193178
0.7242798353909465
0.7217847769028871
0.7168713639301875
0.7154263813478123
0.7244601998066388
0.7182462927143778
0.7144702842377261
0.7148826743812279

2023-07-07 19:24:57
0.0380952380952381
0.665206508135169
0.7253588516746411
0.7209375989863794
0.7227332457293035
0.7164082687338502
0.7204094689699296
0.7287371134020618
0.7223476297968396
0.7173702868192071
0.722186495176849

2023-07-07 19:39:58
0.0380952380952381
0.6639523958659567
0.7225230965275566
0.7181760607979735
0.7207088939940924
0.7168713639301875
0.7222754873761585
0.7304347826086957
0.7214700193423599
0.7163601161665054
0.7226512226512226

2023-07-07 20:05:03
0.0380952380952381
0.6645807259073842
0.725940089228808
0.7215711118150141
0.7156023699802502
0.7174685179205683
0.7193094629156009
0.7286771805600258
0.7210577233150598
0.7176508551145532
0.722007722007722

2023-07-07 20:19:57
0.0380952380952381
0.6626959247648903
0.7255339496334077
0.7216233354470514
0.7222586999343401
0.716504854368932
0.7219010918432883
0.7284980744544288
0.7215762273901809
0.7175671303785183
0.7195869635366248

2023-07-07 20:33:22
0.0380952380952381
0.670632435817157
0.7241821680564463
0.723459180380768
0.7208637662750078
0.7186091435930456
0.7239302694136291
0.7072933549432738

2023-07-09 16:07:41
0.03883495145631068
0.6510893590148406
0.7010113780025284
0.7074569789674953
0.7144711226476315
0.7005832793259883
0.7011568123393316
0.7069797362495979
0.6994818652849741
0.7043167802661473

2023-07-09 16:20:29
0.03883495145631068

2023-07-09 16:22:08

2023-07-09 16:24:34

2023-07-09 16:26:02
0.05217391304347826
0.5911949685534591
0.7096774193548386
0.7026340844176452
0.6914304333659171
0.6854399999999999
0.6889675136699903
0.6840731070496084

2023-07-09 16:36:56
0.08695652173913043
0.6037735849056605
0.7025157232704403
0.7069020866773676
0.709201667201026
0.7047066408768535
0.7004138809296402
0.702051449039401
0.7052359405300581
0.6853969291081345

2023-07-09 16:48:49
0
0.6379746835443039
0.7095132039452752
0.7290609137055837
0.7107969151670952
0.7217559715945772
0.7031199742682535
0.7060744611365121
0.7075226977950714

2023-07-09 18:10:38

2023-07-09 18:11:47

2023-07-09 18:14:17

2023-07-09 18:17:48

2023-07-09 18:20:02
0
0.6508388730610952

2023-07-09 19:02:29
0

2023-07-09 19:17:19
0
0.6379746835443039

2023-07-09 19:20:32

2023-07-09 21:14:23

2023-07-09 21:19:59

2023-07-10 00:38:48

2023-07-10 13:47:41

2023-07-11 14:39:12
0
0.6379746835443039
0.7095132039452752
0.7290609137055837
0.7107969151670952
0.7217559715945772
0.7031199742682535
0.7060744611365121
0.7075226977950714

2023-07-11 14:52:37
0
0.6379746835443039
0.7095132039452752
0.7290609137055837
0.7107969151670952
0.7217559715945772
0.7031199742682535
0.7060744611365121
0.7075226977950714

2023-07-14 03:24:27
0
0.6379746835443039
0.7095132039452752
0.7290609137055837
0.7107969151670952
0.7217559715945772
0.7031199742682535
0.7060744611365121
0.7075226977950714

2023-07-14 08:35:22
0
0.638095238095238
0.7188999040614007
0.7255460588793923
0.7171783148269104
0.7135842880523731
0.7193155643303718
0.7253176930596285
0.7168458781362007

2023-07-14 08:47:43
0
0.6230333543108872
0.7146496815286625
0.7232284715602161
0.7254259501965924
0.709509899383317
0.704216285806244
0.707324943530171
0.7155785391079509
0.7111255692908263

2023-07-14 09:07:40
0
0.6269132653061225
0.7130102040816327
0.7329073482428116
0.7299412915851272
0.7259163152773271
0.7071823204419889
0.7272727272727273
0.704823151125402

2023-07-14 09:52:33
0.07407407407407407
0.6416640403403718
0.7219200000000001
0.7342096825905738
0.7252531852335837
0.7084822879428014
0.7179980750721848
0.7101402021519398
0.7179153094462539

2023-07-14 12:10:12
0.0198019801980198
0.6113564668769716
0.712468193384224
0.7277353689567431
0.7069425901201601
0.7090084251458199
0.7197141929197791
0.7119086460032625
0.7098039215686274

2023-07-14 12:59:04
0.0198019801980198

2023-07-14 13:07:05
0.0198019801980198
0.6174159069475009
0.7139675469296849
0.7223288547664748
0.7171916010498688
0.7008712487899322
0.70671834625323
0.7136793992817498
0.7117665918563643

2023-07-14 17:47:54

2023-07-14 17:48:57
0.1111111111111111
0.6514864010120177
0.7156139788393716
0.7245817245817247
0.7132038195587751
0.7179814755669116
0.7130264446620961
0.7212903225806452
0.7199741016510197

2023-07-14 18:13:18
0.02
0.6260978670012547
0.6992649408756791
0.7273889421540429
0.7273318167045825
0.7165636186137325
0.7154838709677419
0.7150259067357513
0.720592974540767

2023-07-14 18:38:02
0.021052631578947368
0.6220125786163522
0.6961783439490445
0.7064073956008926
0.7074520013016595
0.7062256809338522
0.6952350495682763
0.7025806451612904
0.6966003848620911
0.7034035656401945

2023-07-14 19:16:27
0.021052631578947368
0.6253164556962026
0.7028061224489796
0.7196141479099679
0.7143321416964576
0.7096354166666666
0.7129987129987131
0.7034305867265149
0.6952872821174952

2023-07-14 20:28:48
0.0196078431372549
0.6324036352240676
0.708836617927527
0.7266369993642721
0.7121111846459298
0.7133182844243792
0.6984330028781579
0.706457925636008
0.7133634602969657

2023-07-14 20:59:11
0.0198019801980198
0.6277233975371014
0.7106017191977078
0.7200766038940313
0.7056059080228264
0.7133094695737066
0.7179652285898261
0.7205169628432956
0.7194010416666667
0.7220052083333334
0.720808871493803

2023-07-14 21:28:20
0
0.5864799025578562
0.7019657577679138
0.7086411821394154
0.6999669202778697
0.6883451384417257
0.6939175931981687
0.6877650897226754
0.7035957240038873

2023-07-14 22:01:03
0
0.6320784561847517
0.6946832219038523
0.7155443675267464
0.7203883495145631
0.7021963824289406
0.708778749595076
0.7144711226476315
0.6954545454545454
0.6957939354417998

2023-07-14 22:27:04

2023-07-14 22:30:48
0.12612612612612614
0.6516354398221658
0.7237673830594183
0.7198456095207462
0.7160413971539457
0.7198717948717949
0.712782913611731
0.7170904409398133

2023-07-14 22:55:38
0.1272727272727273
0.6569528032942668
0.7212488053520231
0.721237512085079
0.7201565557729941
0.7265122265122265
0.7146955690149825
0.724935732647815
0.7201288244766505
0.7167479674796748
0.71950824975736

2023-07-14 23:31:43
0.1272727272727273
0.6449344838606584
0.719029374201788
0.7306201550387597
0.716584564860427
0.7195121951219512
0.6933675104133292
0.7127178825048418
0.7200257152041144

2023-07-14 23:58:13
0
0.6380445001566907
0.7164274322169059
0.7216105693614343
0.7241491085899513
0.7217504898758982
0.7052733743125202
0.704443013522215
0.7137330754352029
0.7154893065456902

2023-07-15 00:27:39
0
0.6300505050505051
0.7146053052093321
0.7291799109980929
0.7201578428148636
0.7103290974258717
0.7115321790264619
0.711212516297262
0.7124631992149165

2023-07-15 00:53:03
0

2023-07-15 01:01:43
0
0.6320784561847517
0.6946832219038523
0.7155443675267464
0.7203883495145631
0.7021963824289406
0.708778749595076
0.7144711226476315

2023-07-15 01:11:25
0.6954545454545454
0
0.6957939354417998
0.6341923318667504
0.7101310322786833

2023-07-15 01:14:27
0
0.7262889879057925
0.6341923318667504
0.7187088274044794
0.7101310322786833
0.7201819954501136
0.7130774235523747
0.7203667321545513
0.7136333985649054

2023-07-15 01:23:00
0
0.6341923318667504
0.7101310322786833
0.7262889879057925

2023-07-15 01:28:43
0.07339449541284404
0.6545454545454544
0.7283715012722646
0.7276227141482193
0.7207792207792209
0.717201166180758
0.7020381753477839
0.714935064935065

2023-07-15 01:40:14
0
0.6379746835443039
0.7095132039452752
0.7290609137055837
0.7107969151670952

2023-07-15 01:48:24
0
0.6379746835443039
0.7095132039452752

2023-07-15 01:51:24
0
0.6379746835443039

2023-07-15 01:57:58

2023-07-15 01:58:19
0.0198019801980198

2023-07-15 02:06:24
0.0198019801980198
0.6174159069475009
0.7139675469296849
0.7223288547664748
0.7171916010498688
0.7008712487899322
0.70671834625323
0.7136793992817498
0.7117665918563643

2023-07-15 13:52:58

2023-07-15 13:54:46
0.0198019801980198
0.589870290302656
0.7029421069281873
0.7202286440139728
0.7254707631318136
0.7108787977785036
0.7133094695737066
0.7157277759687397
0.7176317501626545
0.7151277013752455

2023-07-15 14:21:29
0.0196078431372549
0.6353904282115869
0.7101080737444374
0.7220630372492837
0.7091870456047588
0.7184590690208668
0.7065600000000001
0.7091322716932077
0.7109677419354838

2023-07-15 14:54:20
0.02
0.6243353143572098
0.6999041227229147
0.7260493431592439
0.7262642740619903
0.7206504065040651
0.7095730918499353
0.7158576051779934
0.7219354838709678
0.7149410222804717

2023-07-15 19:59:56
0.02222222222222222
0.6180469715698393
0.692719823510873
0.70875366091767
0.6981317600786627
0.698858075040783
0.70875366091767
0.7059585492227979
0.6986390149060272

2023-07-15 22:08:37
0.020618556701030927
0.6179215930304915
0.6988027725267801
0.7100323624595468
0.7023301608139154
0.6984843598839084
0.6948176583493282
0.6856957508919883
0.685364281108962

2023-07-15 22:50:20
0
0.6606136505948654
0.71232
0.7297468354430381
0.7216628775576486
0.7187096774193548
0.7158505154639175
0.7188106011635425
0.7058068655758742

2023-07-15 23:05:32
0.0396039603960396
0.6557169930511685
0.7148773494743549
0.7168847749760613
0.703778677462888
0.7135969141755062
0.7144694533762057
0.7186091435930456
0.7143321416964576
0.7138681390061709
0.7093212081844755

2023-07-15 23:34:17
0.0594059405940594
0.651643192488263
0.7139661233620965
0.7258931394245968
0.7148038245961095
0.7085751128304321
0.7056135770234987
0.7162820929476762
0.7169689119170984

2023-07-16 00:05:54
0
0.6593954502960424
0.7262321144674085
0.7283753590807533
0.7308319738988581
0.7263327948303716
0.7122232916265641
0.722276107339153
0.7133138969873665
0.7146111291897168

2023-07-16 00:27:10
0
0.6677205184950996

2023-07-16 00:30:41
0.058823529411764705
0.649416219627643
0.7107858733693924
0.7184403962927451
0.7150292778139232
0.7191584316225694
0.7138719021564209
0.7017656500802568
0.7052429667519181
0.7100130039011703
0.7086970578726156

2023-07-16 01:12:23
0
0.6946564885496183
0.7188009123492994
0.7065674538984148
0.709271523178808
0.6955389124063822
0.7037154652270563
0.702439024390244

2023-07-16 01:22:34
0
0.5739856801909308
0.668537574056751
0.7050359712230215
0.7065114815979868
0.7152235073460457
0.7168503937007873
0.7183544303797468
0.7195198989260897
0.7281429483088705
0.7239185750636131

2023-07-16 16:22:18
0
0.4183496826312752
0.4183496826312752
0.4183496826312752
0.4183496826312752
0.4183496826312752
0.4183496826312752

2023-07-16 17:04:09
0
0.4485380116959064
0.5584097859327217
0.6166153846153846
0.6376811594202899
0.656298600311042
0.6639801611903287
0.6701896176562014
0.6749921948173586
0.6760387378944079
0.6779131521399563

2023-07-17 01:01:45
0
0.6905210295040803
0.7256057629338573
0.695906432748538
0.6862483311081442
0.6814665321224352
0.7131526768010575
0.7131782945736433

2023-07-17 01:59:42
0
0.708500772797527
0.7202572347266881
0.7287635290259101
0.7000329272308199
0.7021839841164792
0.7160812117305834
0.7156549520766774
0.7175324675324675

2023-07-17 20:57:26

2023-07-17 21:00:09
0.04
0.6565079365079365
0.7004138809296402
0.7116682738669238
0.6962276637988087
0.6943639291465379
0.6896327591810205
0.6895213454075032
0.6886092287834785

2023-07-17 22:46:06
0.04
0.6493921944977608
0.7083069118579581
0.7144227694275663
0.7048748353096179
0.7058064516129032
0.6844502277163305
0.6952872821174952
0.70592

2023-07-17 23:10:58
0.04
0.6476251604621309
0.7019108280254777
0.708803611738149
0.7052980132450332
0.6942202131094608
0.6942094990240729
0.6966655875687926
0.6903225806451613

2023-07-18 01:57:12
0.0425531914893617
0.6533206228153798
0.7154213036565977
0.7225265871737029
0.7093175853018373
0.7144240077444337
0.7025806451612904
0.7121604139715395
0.7026324341891453

2023-07-18 13:33:11
0.0425531914893617
0.6411238825031927
0.7111253606925296
0.7157962191605255
0.7171916010498688
0.7077419354838709
0.699213630406291
0.7037760416666667
0.6953727506426735
0.7016628627323118

2023-07-18 13:59:42
0.04301075268817204
0.6503961965134707
0.7098412698412698
0.7291399229781772
0.7054973821989529
0.706070287539936
0.6943812926274765
0.7110106554730384
0.7054639508567734

2023-07-18 16:14:43
0.041237113402061855
0.6520773866159214
0.715689381933439
0.7305236270753512
0.7230719166937846
0.729945669542985
0.7117875647668392
0.7234860621595643
0.7175032175032175

2023-07-18 16:39:31
0.041237113402061855
0.6481889763779527
0.7131043256997457
0.7192086790044672
0.7252531852335837
0.7221510883482715
0.7101167315175098
0.7066752246469834
0.7103648692282855
0.7128005198180636

2023-07-18 18:19:45
0.020618556701030927
0.6518332811031025
0.7059955113818531
0.706401766004415
0.7095720352825874
0.7290798332798973
0.7037392138063279
0.7188910380399742
0.7101962045673851
0.7131332687963859
0.7133182844243792

2023-07-18 18:49:59
0.02127659574468085
0.6445556946182729
0.7037156704361873
0.7097801847722205
0.7094214876033057
0.7164849262347659
0.7073872721458266
0.7159609120521173
0.6916370681304489
0.7036676403765012
0.7056530214424951

2023-07-18 19:51:21
0
0.6639344262295082
0.7147435897435898
0.7310257224515718
0.7241491085899513
0.7176165803108808
0.7208480565371025
0.7197411003236245
0.7045600513808606

2023-07-18 20:02:38
0
0.6658275645059785
0.7189500640204866
0.7296437659033079
0.7272137528381446
0.7159054097829608
0.7190215642098488
0.7137786382704097
0.704975922953451

2023-07-18 20:49:52
0
0.6641509433962263
0.7188999040614007
0.7228226319135409
0.7215354586857515
0.7144252686421361
0.7161769454310624
0.7152531441470492
0.7091377091377091

2023-07-18 21:07:46
0
0.6677225213810579
0.7206068268015171
0.7114953570284983
0.717866323907455
0.7189710610932476
0.7079192048733568
0.7037392138063279

2023-07-18 21:20:43
0
0.6579520697167756
0.704683020070086
0.7157232704402516
0.7193548387096774
0.7182462927143778
0.7107652399481194
0.7159457714654616
0.7085346215780998
0.7069133398247321

2023-07-19 10:37:21

2023-07-19 10:38:36
0.0396039603960396
0.6515527950310559
0.723961661341853
0.7099871959026888
0.7136821579460513
0.6919803600654665
0.6989109545163357
0.704582385440364

2023-07-19 10:50:18
0
0.6561214805441316
0.6826615483045425
0.7002518891687657
0.7146081909061592
0.699775712912528
0.704443013522215
0.7039431157078216
0.7009977470228517
0.6977950713359273

2023-07-21 15:08:46
0
0.6660206718346253
0.7233638950363579
0.7058068655758742
0.6892190957951312
0.7060309441111462
0.7053108808290155
0.7080785323463149

2023-07-21 15:23:36
0.037383177570093455
0.6658179503500955
0.7251717676452217
0.7322335025380711
0.7163987138263666
0.7322162503951946
0.7225230965275566
0.7141025641025641
0.721405750798722

2023-07-21 16:13:10
0
0.6626198083067093
0.7065114815979868
0.7194106342088405
0.7156764014770057
0.7203637544657358
0.7316293929712461
0.7320802803440586
0.7265149086245593
0.7287917737789203
0.7256922086284611

2023-07-21 16:29:59
0.037037037037037035
0.6602841260037059
0.7068196303377948
0.709136109384711
0.7115749525616699
0.7151015228426397
0.6986477784932389
0.7042075292628914
0.6999041227229147
0.7003194888178914
0.7016981736622877

2023-07-21 16:44:22
0.018691588785046728
0.6670886075949367
0.7179646292274279
0.7162820929476762
0.7141931302657161
0.7063694267515923
0.6996466431095407
0.7105685833601029

2023-07-21 16:56:11
0.01834862385321101
0.6602244389027431
0.7020612117426608
0.7071498530852105
0.711340206185567
0.7064073956008926
0.6973599484867997
0.7106017191977078
0.7037861915367483
0.7027375201288244

2023-07-21 17:10:05
0
0.6439923712650986
0.7158555729984301
0.7055771725032425
0.7165228507510386
0.7028894472361809
0.7101167315175098
0.7137404580152672
0.6988416988416988
0.7025275437459495

2023-07-21 17:41:35
0.02247191011235955
0.6652037617554859
0.705588510771152
0.7144240077444337
0.7065674538984148
0.7056567593480345
0.7040518638573743
0.7123552123552124
0.7135065768367019

2023-07-21 17:54:23
0.024096385542168676
0.6577306733167082
0.700501253132832
0.6926295461860316
0.7010573534123679
0.6928684627575278
0.6856594110115237
0.7015740443302281
0.6970372730168843
0.6940874035989718
0.6992337164750957

2023-07-21 18:09:15
0.01818181818181818
0.6622765757290686
0.7089715536105032
0.710560625814863
0.7079303675048355
0.7029955385595922
0.6920858699134892
0.7141033822590938
0.7065944568333864
0.7075835475578405
0.7139208173690932

2023-07-21 19:37:00
0.01818181818181818
0.6558679706601467
0.6993137866500312
0.7066062176165803
0.7173213135866066
0.7029077117572693
0.6953175112251444
0.7193373685887225
0.6975857687420584
0.6987797045600513
0.7020460358056266

2023-07-21 20:56:45
0.024096385542168676
0.6612193588937775
0.6985317088409871
0.6996784565916397
0.6990666237528161
0.6976891421335866
0.6850899742930592
0.7002891101831031
0.6959026888604353
0.6982591876208898
0.7007064868336543

2023-07-21 21:11:01
0.024096385542168676
0.6583618810339459
0.7016885553470918
0.6960721184803607
0.7007393121182899
0.6958174904942966
0.691072575465639
0.7010243277848912

2023-07-21 21:30:31
0.024096385542168676
0.6589559237261644
0.7058823529411766
0.6941403734707019
0.7028589784773531
0.6945500633713562
0.6851434096036094
0.7038819377606673

2023-07-21 21:41:16
0.024096385542168676
0.6830848995463383
0.6865482233502538
0.7037632679318109
0.7150127226463103
0.7062182741116751
0.6785946649316851
0.6966655875687926
0.6991094147582697
0.6987179487179487

2023-07-21 21:58:42
0.024096385542168676
0.6730401529636711
0.7003495392437242
0.712710765239948
0.6961005478569127
0.6963946869070209
0.6994182288299937
0.706070287539936
0.692676686920371

2023-07-21 23:01:31
0.024096385542168676
0.5798165137614678
0.650386398763524
0.6685393258426966
0.6908166507785191
0.6917529005957981
0.6902208201892744
0.6991458399240746
0.6899618805590851
0.694462126034373
0.6957352005092298

2023-07-21 23:18:24
0.024096385542168676
0.5066915655150949
0.6180935033394049
0.6543209876543209
0.674721189591078
0.6759863311587448
0.6754468485418627
0.6847244094488188
0.6842767295597484
0.6853015075376884
0.6895250078641081

2023-07-22 22:40:46
0.01818181818181818
0.6622765757290686
0.7089715536105032
0.710560625814863
0.7079303675048355
0.7029955385595922
0.6920858699134892
0.7141033822590938
0.7065944568333864
0.7075835475578405
0.7139208173690932

2023-07-22 22:55:30
0.01818181818181818
0.6662492172824046
0.7048155096935586
0.7079818299805322
0.7099678456591639
0.6985736925515056
0.691468890314304
0.7106858054226476
0.7016873607131487
0.6987407168227318
0.7046035805626598

2023-07-22 23:09:53
0.01818181818181818
0.6662492172824046
0.7048155096935586
0.7079818299805322
0.7099678456591639
0.6985736925515056

2023-07-22 23:16:43
0.024096385542168676
0.691468890314304
0.6577306733167082
0.7106858054226476
0.700501253132832
0.7016873607131487
0.6926295461860316
0.6987407168227318
0.7010573534123679
0.7046035805626598
0.6928684627575278
0.6856594110115237
0.7015740443302281
0.6970372730168843
0.6940874035989718
0.6992337164750957

2023-07-22 23:31:54
0.024096385542168676
0.5798165137614678
0.650386398763524
0.6685393258426966
0.6908166507785191
0.6917529005957981
0.6902208201892744
0.6991458399240746
0.6899618805590851
0.694462126034373
0.6957352005092298

2023-07-23 00:04:28
0.024096385542168676
0.5722983257229832
0.6566523605150215
0.6809968847352025
0.6946832219038523
0.7014925373134329
0.6904611497157297
0.703080342966021
0.7004138809296402
0.6944356120826708
0.6997455470737913

2023-07-23 00:33:07
0.01818181818181818
0.5825932504440497
0.6524822695035462
0.6836544437538844
0.7083595223130107
0.707959120470734
0.710625
0.717547700969659
0.7013801756587202
0.7022948758252122
0.7105097545626181

2023-07-23 18:35:52
0.02
0.5827101405922824
0.6502800248911015
0.67
0.6833122629582806
0.6932917316692667
0.6913890634820867
0.6966362779000314
0.6839280075781498
0.6887208569628229
0.6952410967538607

2023-07-23 18:59:05
0.024390243902439025
0.5641964013418724
0.6536675951717735
0.6691635455680399
0.6677115987460815
0.6743677802060568
0.6702395964691047
0.6717028643374252
0.6765541180183023
0.673186119873817
0.6746683512318383

2023-07-23 19:36:29
0.01818181818181818
0.5839502517026948
0.6518518518518519
0.6820018650917004
0.7075086396481306
0.7091978940848559
0.7081250000000001
0.7165206508135169
0.6984625039221838
0.7014784523435043
0.710915382195659

2023-07-23 19:51:43
0.024096385542168676
0.5684723067559343
0.6477832512315271
0.6666666666666667
0.6970560303893637
0.6918513893225102
0.6898714330511131
0.7050268732216249
0.6936452734745494
0.695376820772641
0.7019657577679138

2023-07-25 16:01:03
0.01818181818181818
0.6046088538508185
0.6709637814610191
0.6902599436266833
0.7105097545626181
0.7028049164828238
0.7086956521739131
0.7170639899623589
0.7179487179487181
0.7145545796737766
0.7175620483820295

2023-07-25 16:46:49
0.01818181818181818
0.5937683715461494
0.6660527931246164
0.6954377311960543
0.691135303265941
0.6958698372966208
0.695163806552262
0.6941580756013745
0.6901936289818863
0.6989010989010989
0.6983029541169076

2023-07-25 17:03:42
0.01818181818181818
0.5983827493261455
0.6606977462179685
0.6906962415280345
0.7026194144838213
0.7086956521739131
0.6957070707070706
0.6950799122532121
0.7010374096196165
0.6969033468877072
0.698840488874961

2023-07-26 16:22:23

2023-07-26 16:25:35

2023-07-26 16:31:05
0.01818181818181818

2023-07-26 16:34:44
0.01818181818181818

2023-07-26 16:52:11

2023-07-26 16:56:11

2023-07-26 17:02:00

2023-07-26 17:06:43
0.01818181818181818

2023-07-26 17:13:04
0

2023-07-26 17:14:12
0.01818181818181818

2023-07-26 17:14:39
0

2023-07-26 17:16:11
0

2023-07-26 17:18:05
0

2023-07-26 17:19:12
0

2023-07-26 17:25:07
0.01818181818181818
0.5863192182410424
0.6574159728646315
0.6807191568505889
0.7069182389937108
0.7040942928039703
0.695244055068836
0.7132122730118973
0.6970458830923947
0.6972650110028293
0.7054751415984897

2023-07-26 18:30:06
0.01818181818181818
0.582173526798934
0.6551404754553874
0.681592039800995
0.7068424356559949
0.7102572048342114
0.7097378277153558
0.7181732874569909
0.6982434127979925
0.7020741671904462
0.7092511013215859

2023-07-26 18:45:32
0.01818181818181818
0.5831853167554767
0.6535020055538414
0.6817899316345556
0.7091708542713568
0.7071207430340557
0.7095967489840574
0.7148217636022515
0.698840488874961
0.6993710691823899
0.7092913385826772

2023-07-26 19:36:05
0.01818181818181818
0.6627070959674899
0.7020944045014067
0.7120965112487773
0.7149292149292149
0.698856416772554
0.6929740134744947
0.715561224489796
0.7034920634920635
0.7063364425860406
0.7079081632653063

2023-07-26 19:57:59
0.01818181818181818
0.5600475624256838
0.6405148636224334
0.6674930275797955
0.7036805988771054
0.706501547987616
0.7086319725771267
0.7123202001250782
0.7015018773466833
0.7065455684309426
0.7129396984924623

2023-07-30 14:15:33
0.01818181818181818
0.5836046167505179
0.6514356282803334
0.6819875776397516
0.7062519635563933
0.7077399380804953
0.706212925382454
0.7165206508135169
0.6986516149263092
0.7018867924528301
0.7086217747010698

2023-08-10 21:46:34

2023-08-10 22:15:28

2023-08-10 22:21:53

2023-08-10 22:32:23
0.017391304347826087
0.5782923299565846
0.6374045801526718
0.6538340170400757
0.6950174547762614
0.6895250078641081
0.6791257522964839
0.6856780735107731
0.6796426292278238
0.6807828039781842

2023-08-10 22:46:26
0.2222222222222222
0.5750947798191893
0.6472613458528951
0.6605620461004105
0.6884012539184952
0.6870324189526186
0.6683480453972256
0.6855524079320113
0.6656131479140328
0.6668793873643906

2023-08-10 23:01:41
0.25
0.5357037037037037
0.598553913863565
0.6345911949685535
0.6528530443098501
0.6445764301344171
0.649277184160905
0.6552053486150907
0.6406649616368286
0.6478873239436619
0.6451818761965538

2023-08-10 23:34:01
0
0.5043528728961114
0.6244541484716156
0.6425879396984925
0.6593337523570081
0.6699844479004665
0.6752593524049041
0.6773484134464343
0.6749206349206349
0.6757700857415053
0.6749363867684478

2023-08-11 00:59:07

2023-08-11 01:13:17
0
0.5045574830932079
0.6220820189274449
0.6443037974683544
0.6624843161856964
0.6809835045129163
0.6798991808443604
0.6825895663104965
0.6791376030437539
0.6842105263157895
0.6816740646797718

2023-08-11 01:29:04
0
0.5043528728961114
0.6244541484716156
0.6425879396984925
0.6593337523570081
0.6699844479004665
0.6752593524049041
0.6773484134464343
0.6749206349206349
0.6757700857415053
0.6749363867684478

2023-08-11 01:43:27
0.017391304347826087
0.564385150812065
0.6475950958817981
0.6708780795957043
0.6884517766497462
0.6879850977957156
0.6877770740975301
0.687837408701175
0.6817313812858052
0.6867007672634271

2023-08-11 02:02:53
0.24347826086956523
0.5392670157068062
0.6434231378763867
0.6466453674121406
0.6728316326530612
0.6702227800439284
0.6611622737376945
0.6709470304975923
0.6613213598460552
0.663674254568772

2023-08-26 12:55:27
0.05217391304347826
0.5211670480549199
0.6373283395755307
0.6618387909319899
0.6729559748427673
0.6735266604303087
0.6668767727702489
0.6752837326607819
0.6613823715916297
0.6603053435114504
0.6626429479034307

2023-08-26 13:10:34
0.06956521739130435
0.5283127335441219
0.6398265716940229
0.6538824269097768
0.6761453396524486
0.6802125664270084
0.6698142902108908
0.683695994954273
0.6611727416798732
0.6681557115507338
0.6643267389917038

2023-08-26 13:25:03
0.24347826086956523
0.5392670157068062
0.6434231378763867
0.6466453674121406
0.6728316326530612
0.6702227800439284
0.6611622737376945
0.6709470304975923
0.6613213598460552
0.663674254568772

2023-08-30 17:30:40
0
0.5936498689193126
0.6691705790297339
0.6881110059918008
0.6989987484355445
0.6983830845771145
0.6798991808443604
0.6922351461804465
0.6689741976085589
0.6796727501573316

2023-08-30 21:00:55

2023-08-30 21:10:35
0.08695652173913043
0.45631067961165045
0.6307260828918666
0.657088122605364
0.6631183469004384
0.6867619639527657
0.6782334384858044
0.690282131661442
0.6813602015113351
0.6820044122281752
0.6805555555555556

2023-08-30 21:25:59
0
0.5936498689193126
0.6691705790297339
0.6881110059918008
0.6989987484355445
0.6983830845771145
0.6798991808443604
0.6922351461804465
0.6689741976085589
0.6796727501573316

2023-08-30 21:39:32
0.034782608695652174
0.5613415710503089
0.6431746031746032
0.6543720190779014
0.6903266331658291
0.6846394984326019
0.6776336602341032
0.694125159642401
0.6717508738481093
0.6794136392606757
0.6787994891443169

2023-08-30 21:59:36
0
0.5613629800750795
0.6369066331342347
0.6511330992658794
0.6654016445287793
0.6718946047678795
0.6643598615916956
0.6753082516598167
0.6599305336280391
0.6658203744842907
0.6653956148713059

2023-08-30 22:14:30
0.017391304347826087
0.564385150812065
0.6475950958817981
0.6708780795957043
0.6884517766497462
0.6879850977957156
0.6877770740975301
0.687837408701175
0.6817313812858052
0.6867007672634271

2023-09-01 09:06:49

2023-09-01 09:11:32
0.01818181818181818

2023-09-01 09:14:08
0.01818181818181818
0.5816568047337278
0.6536916898362682
0.6809568188878533
0.707798308800501
0.7060643564356436
0.7097378277153558
0.7137941820456679
0.7032622333751568
0.7056236255105247
0.7113207547169811

2023-09-01 09:51:36
0.01818181818181818
0.5839502517026948
0.6518518518518519
0.6820018650917004
0.7075086396481306
0.7091978940848559
0.7081250000000001
0.7165206508135169
0.6984625039221838
0.7014784523435043
0.710915382195659

2023-09-01 11:58:58
0.034782608695652174
0.5613415710503089
0.6431746031746032
0.6543720190779014
0.6903266331658291
0.6846394984326019
0.6776336602341032
0.694125159642401
0.6717508738481093
0.6794136392606757
0.6787994891443169

2023-09-01 13:01:52
0
0.44080459770114944
0.6036809815950921
0.6332046332046332
0.6641556811048337
0.6572858036272671
0.6513819095477387
0.6580847723704867
0.6592639593908629
0.6583969465648856

2023-09-14 15:08:41
0
0.44
0.6038543897216274
0.6630847029077117
0.6658243840808591
0.6795994993742177
0.6651728553137003
0.6683528295921592
0.6636999364272091
0.6632653061224489
0.6607199745141765

2023-09-14 15:42:13
0
0.44

2023-09-14 15:45:31
0.034782608695652174
0.531674862597628
0.6565781346510191
0.6795317937361595
0.6754668383773342
0.6792809839167456
0.6750564698289772
0.6738853503184713
0.6675216415517794

2023-09-14 16:03:17
0.01818181818181818
0.5948198868710927
0.6639975361872498
0.6914428482198626
0.7103687362117871
0.7093167701863353
0.7224865207738661
0.7141967621419677
0.712354605469978
0.7155905511811023
0.7136090937796021

2023-09-14 16:32:46
0.01818181818181818
0.5839502517026948
0.6518518518518519
0.6820018650917004
0.7075086396481306
0.7091978940848559
0.7081250000000001
0.7165206508135169
0.6984625039221838
0.7014784523435043
0.710915382195659

2023-10-01 23:51:59

2023-10-01 23:53:44
0.034782608695652174
0.531674862597628
0.6565781346510191
0.6795317937361595
0.6754668383773342
0.6792809839167456
0.6750564698289772
0.6738853503184713
0.6675216415517794

2023-10-02 00:34:50
0.034782608695652174

2023-10-02 00:39:08

2023-10-02 00:50:16

2023-10-02 00:51:52

2023-10-02 00:54:51
0.034782608695652174

2023-10-02 00:55:44
0.01818181818181818
0.531674862597628
0.5948198868710927
0.6565781346510191
0.6639975361872498
0.6795317937361595
0.6914428482198626
0.6754668383773342
0.7103687362117871
0.6792809839167456
0.7093167701863353
0.6750564698289772
0.7224865207738661
0.6738853503184713
0.7141967621419677
0.6675216415517794
0.712354605469978
0.7155905511811023
0.7136090937796021

2023-10-02 01:24:03
0.01818181818181818

2023-10-02 01:30:11

2023-10-02 01:42:34

2023-10-02 01:47:02

2023-10-02 01:50:18

2023-10-02 01:55:08
0
0.4857142857142857
0.627082702211451
0.6802030456852791
0.6782385085181614
0.6845889340418881
0.6816575650497911
0.6715006305170239
0.6702840727736993
0.6762452107279693
0.6690073412065113

2023-10-02 02:17:02
0.01818181818181818
0.5896674584323041
0.6547802028896403
0.6919254658385092
0.7066624565835176
0.7081398947694213
0.7102272727272727
0.7158418923124804
0.7086466165413534
0.7114599686028258
0.704995287464656

2023-10-10 19:25:04
0
0.4678663239074551
0.6083462132921175
0.666884176182708
0.673962021242356
0.6662468513853905
0.6613007083065034
0.6566110397946084
0.6556016597510373
0.6506410256410255

2023-10-10 20:56:06
0
0.4678663239074551
0.6083462132921175
0.666884176182708
0.673962021242356
0.6662468513853905
0.6613007083065034
0.6566110397946084
0.6556016597510373
0.6506410256410255

2023-10-11 10:03:16
0.01818181818181818
0.5860740740740742
0.6585291425083919
0.6914728682170542
0.7069238065128043
0.704425874342309
0.7113076437144662
0.7092950717404864
0.7050676739062008
0.7058084772370486
0.7063267233238906

2023-10-17 12:28:01
0.01818181818181818

2023-10-17 13:55:00
0.01818181818181818

2023-10-17 14:05:02

2023-10-17 14:13:05
0.01818181818181818

2023-10-17 14:22:41
0.01818181818181818
0.5882701421800948
0.6593339443935227
0.6908752327746741
0.7131636820609487
0.7034865782165998
0.7137898390659514
0.7130434782608696
0.7138384470882906
0.7162586315128687
0.7145105445388731

2023-10-17 15:01:24
0.01818181818181818
0.5832342449464923
0.6526636225266362
0.6862988220706757
0.70062893081761
0.7056277056277056
0.7107750472589792
0.7167810355583282
0.7149122807017544
0.7139272271016311
0.7141959798994975

2023-10-17 15:23:11
0.01818181818181818
0.5832342449464923
0.6526636225266362
0.6862988220706757
0.70062893081761
0.7056277056277056
0.7107750472589792
0.7167810355583282
0.7149122807017544

2023-10-17 16:31:37
0.01818181818181818
0.5788694880142053
0.658499234303216
0.6980728051391861
0.6941580756013745
0.700838769804287
0.7076244486452425
0.7115264797507789
0.7020944045014067
0.7103859428930029
0.7139717425431711

2023-10-17 22:08:07
0.01818181818181818
0.5778567199526347
0.6570728720146969
0.6976744186046512
0.69348300592454
0.6988477109934601
0.7040655531043176
0.7121920798253819
0.7019080387863621
0.7107489815104983
0.7151819322459222

2023-10-17 22:48:31
0.01818181818181818

2023-10-17 22:51:59
0.01818181818181818
0.5742983751846381
0.6540226368920159
0.6961561928004881
0.6959501557632398
0.6998754669987547
0.7039949669707455
0.7073474470734744
0.7047797563261481
0.7088290544771447
0.71267252195734

2023-10-17 23:30:51
0.01818181818181818
0.5110336817653892
0.6401725200246456
0.6727438468550593
0.6877519379844962
0.6853582554517135
0.6950220541902962
0.6924034869240349
0.6939924906132666
0.6965236454744753
0.698870765370138

2023-10-18 00:09:33
0.01818181818181818
0.45438898450946646
0.6248095092959464
0.6579903147699757
0.6765523632993513
0.6834420627524075
0.6886584982720704
0.6906608749612163
0.6927164738980931
0.6965236454744753
0.697586963334378

2023-10-18 19:19:39
0.01818181818181818
0.5651279035577772
0.6514778325123153
0.6918852959121415
0.692643391521197
0.6963285625388924
0.7028391167192428
0.7032077234506384
0.6991565135895033
0.7113337507827177
0.7149122807017544

2023-10-18 19:56:30
0.01818181818181818
0.5132229003196745
0.6430551278102863
0.6727549467275494
0.686530105524519
0.6853408029878618
0.6994949494949495
0.6949205359925211
0.6944270507201001
0.6953517587939698
0.6970172684458398

2023-10-18 20:33:06
0.01818181818181818
0.5661375661375662
0.6557478368355996
0.694351145038168
0.6943231441048034
0.6981953951462352
0.707293969055889
0.7054794520547946
0.70125
0.7063616421184581
0.7124490435873315

2023-10-18 21:48:29
0.01818181818181818
0.5819477434679334
0.6648301193755739
0.6978461538461538
0.6977180368865271
0.704630788485607
0.7103099304237823
0.7103211724352978
0.7105263157894737
0.7140610254797107
0.7162673392181588

2023-10-18 22:27:23
0.01818181818181818
0.5810089020771514
0.6629935720844813
0.6998158379373849
0.6949205359925211
0.7034956304619226
0.7092288242730721
0.7101404056162246
0.7061774851050485
0.7133878064110621
0.7137007874015748

2023-10-18 23:06:11
0.01818181818181818
0.5795724465558194
0.6625954198473283
0.698159509202454
0.6961946350592638
0.6999687792694349
0.7079646017699116
0.7105427323767936
0.7044813538075838
0.7104271356783919
0.7145105445388731

2023-10-18 23:55:31
0.01818181818181818
0.5798219584569733
0.6605504587155963
0.6983154670750383
0.7014366021236726
0.706837339993756
0.7106759317751106
0.7139287945034353
0.7067292644757435
0.7191222570532916
0.7189952904238619

2023-10-19 00:35:07
0.01818181818181818
0.5807600950118764
0.6652425999389686
0.698159509202454
0.6935081148564294
0.7061759201497193

2023-10-19 01:20:48
0.01818181818181818
0.5806642941874258
0.6587301587301587
0.6952526799387443
0.6990351696234048
0.7017762542848239
0.712035286704474
0.7116104868913857
0.7066916823014385
0.7151363209025383
0.7152734129478315

2023-10-19 01:59:36
0.01818181818181818
0.5816023738872403
0.6611671249618087
0.6991421568627451
0.6972248207047085
0.7051482059282372
0.7106759317751106
0.712054965646471
0.7082028804007514
0.7164835164835164
0.718917217500787

2023-10-19 12:15:22
0.01818181818181818

2023-10-19 12:19:20
0.01818181818181818

2023-10-19 12:22:32
0.01818181818181818
0.5834087481146305

2023-10-19 12:27:14
0.01818181818181818
0.5823777911888957

2023-10-19 12:32:41
0.01818181818181818
0.5860717515827555

2023-10-19 12:37:26
0.01818181818181818
0.5840867992766727

2023-10-19 13:14:47
0.01818181818181818
0.584188292094146

2023-10-19 13:19:31
0.01818181818181818

2023-10-19 13:27:25
0.01818181818181818
0.5794780545670225
0.6652399877713238
0.6985880908532842
0.6920436817472699
0.7057722308892356
0.7091885064730028
0.7116104868913857
0.7036688617121355
0.7160804020100502
0.7173022376300031

2023-10-19 14:06:03
0.01818181818181818
0.5800891530460625
0.6685049019607842
0.7002766676913619
0.7018749999999999
0.7072409488139825
0.711489898989899
0.7113884555382215
0.7134796238244513
0.7127592708988058
0.7151858853182104

2023-10-19 14:44:45
0.01818181818181818
0.578962962962963
0.6670746634026927
0.6969325153374233
0.6987199500468311
0.7058455767427322
0.7113499841922225
0.713304184884447
0.7085032946344525
0.7104271356783919
0.7171239356669821

2023-11-07 19:45:19
0
0.12363636363636364
0.15891959798994976
0.12348111658456487
0.11857707509881422
0.11140583554376657
0.10386151797603196
0.10663112295901367

2023-11-07 20:44:53
0
0.17561591914087177
0.15859030837004406
0.10723860589812333
0.152027027027027
0.17353433835845897
0.19278732726659925
0.19758874748827862
0.19324640588431963
0.19324640588431963
0.19324640588431963

2023-11-07 20:51:09
0
0.18834355828220858
0.11143131604226704
0.148575549945907
0.19925700776764607
0.23604465709728867
0.25641025641025644
0.2531969309462916
0.24632117722328853
0.24935897435897436
0.24935897435897436

2023-11-07 21:33:07
0
0.18834355828220858
0.11143131604226704
0.148575549945907
0.19925700776764607
0.23604465709728867
0.25641025641025644
0.2531969309462916
0.24632117722328853
0.24935897435897436
0.24935897435897436

2023-11-07 21:38:55
0
0.2052980132450331
0.14412285883047843
0.2107858243451464
0.23911630929174787
0.273921200750469
0.3014821822768843
0.323338485316847
0.3319987680936249
0.33497536945812806
0.33497536945812806

2023-11-07 21:43:59
0
0.18373879641485277
0.15411558669001751
0.1593209271955599
0.20223932820153953
0.2506906077348066
0.25384340364676444
0.2888283378746594
0.30360148098283407
0.3074848280512475
0.3074848280512475

2023-11-07 21:49:04
0
0.15820698747528017
0.15347885402455663
0.2474631751227496
0.30914613567330407
0.35290363752393106
0.36018957345971564
0.36467963021995536
0.3707254713966124
0.3732821987855545
0.3732821987855545

2023-11-07 21:54:10
0
0.2015174506828528
0.15439642324888228
0.16737219146857701
0.2363093262529041
0.27369097333761644
0.2961822660098522
0.30082041932543296
0.3116322122801604
0.31141439205955335
0.31141439205955335

2023-11-07 22:12:47
0
0.1896498295630617
0.11572409284079764
0.15486111111111112
0.19652800524074682
0.2010921940250562
0.21302534488290023
0.2128760918796506
0.2155534043239755
0.2159200773445053
0.2159200773445053

2023-11-07 22:28:16
0
0.20024953212726138
0.13378967019290602
0.20255591054313096
0.24475743348982784
0.28229518257134095
0.3108108108108108
0.32815829528158297
0.3428920073215375
0.3447856491334752
0.3447856491334752

2023-11-07 22:43:23
0
0.18420231033406181
0.15222772277227722
0.11797556719022688
0.14402985074626865
0.18703506907545167
0.23374777975133212
0.2665731322343037
0.2814710042432815
0.28359264497878356
0.28359264497878356

2023-11-07 22:58:26
0
0.1590556073314694
0.1608628659476117
0.23863269912931312
0.3018500486854917
0.32314129385259094
0.34983922829581987
0.36317460317460315
0.3717826501429933
0.37305370193835397
0.37305370193835397

2023-11-07 23:13:45
0
0.20741671904462602
0.16345270890725436
0.17036553524804177
0.21736249171636846
0.2537744940571796
0.27807486631016043
0.2877475247524753
0.3016554261189454
0.3026235509456986
0.3026235509456986

2023-11-07 23:50:21
0
0.17738212990438512
0.15994922246905743
0.10328028580708022
0.12284196547144755
0.1506221349050426
0.16574943347361606

2023-11-08 00:33:01
0
0.14290057768318637
0.22062049514258855
0.19968404423380728
0.2650221378874131
0.23419955085017644
0.24177889132477295
0.24572317262830484
0.25404732254047324
0.25930521091811415

2023-11-08 00:49:36
0
0.14290057768318637
0.2205513784461153

2023-11-08 00:54:43
0
0.14290057768318637
0.22062049514258855
0.19968404423380728
0.26375711574952565
0.23631123919308358
0.24507658643326038
0.2427063935443824
0.254116185150668
0.2582043343653251

2023-11-08 01:08:15
0
0.13380909901873325
0.30193466539803365
0.30779263123573525
0.35863792564823493
0.38757838160644964
0.4078078078078078
0.4199459297086212
0.42362157276288037
0.42852861851962837
0.4272019173157579

2023-11-08 01:23:15
0
0.1756998213222156
0.11383464894058995
0.2635113527342501
0.26950894556528354
0.3405443126308444
0.3518123667377398
0.3502824858757062
0.3573931324456903
0.3638253638253638
0.3634475597092419

2023-11-08 01:38:06
0
0.1509433962264151
0.2782386726228462
0.3508102955195424
0.37341977309562396
0.4076853797658361
0.42997909823828
0.445460085313833
0.4448507007921999
0.4453883495145631
0.44424242424242427

2023-11-08 01:52:53
0
0.2098513552900029
0.2440159574468085
0.29779522802778613
0.3409456416854294
0.35823694904657705
0.37210700330628194
0.3857355126300148
0.39230769230769236
0.3900414937759336
0.39147172046194845

2023-11-08 14:06:05
0
0.15127528583992964
0.23529411764705882
0.26981659931613305
0.28765725943556614
0.29058180649308907
0.2789223454833597
0.2853503184713376
0.28762755102040816
0.2935260842237586
0.29100031357792416

2023-11-08 14:11:52
0
0.0534045393858478
0.10055521283158544
0.2315513283043621
0.1682612999010228
0.14443721535458687
0.15469613259668505
0.14447884416924667
0.14518317503392128

2023-11-08 14:16:27
0
0.12737364884604147
0.18488023952095808
0.2659151193633952
0.29466666666666674
0.3022950819672131
0.2981620149761743
0.31984948259642526
0.3169572107765452
0.31548938866012033
0.3171889838556505

2023-11-08 14:22:10
0
0.11614814814814815
0.23263990624084385
0.24444444444444444
0.33054263565891473
0.334838903944595
0.3646809797399456
0.36292741451709665
0.3704801422643747
0.3699970352801661
0.3694683694683695

2023-11-08 14:27:59
0
0.08338368580060423
0.2495958616230197
0.31330749354005166
0.3462595419847328
0.3677950594693504
0.36637931034482757
0.37097753491196117
0.36942675159235666
0.366565349544073
0.3670731707317073

2023-11-08 14:36:12
0
0.16360403082394784
0.26977040816326525
0.26314171533968644
0.308504034761018
0.29404060248853964
0.3369666770476487
0.28661219358893775
0.2987785781396805
0.31297944154648666
0.31391784181483756

2023-11-08 14:52:20
0
0.053465346534653464
0.10009943652635067
0.14205483977535513
0.16438356164383564
0.15458937198067632
0.15118931247963505
0.14561462919065357
0.1544743109901327
0.13901947615849564

2023-11-08 15:06:54
0
0.1280701754385965
0.2222977566281441
0.23332192952446118
0.2544144144144144
0.3
0.3196641911527284
0.3094919786096257
0.31313462168358985
0.31963470319634707
0.32099574189321983

2023-11-08 15:22:31
0
0.08526187576126674
0.19852034525277434
0.2583158525621816
0.32074340527577944
0.3368357850495347
0.3449716502536556
0.3751479289940829
0.3752601843592031
0.37939249553305543
0.38058368076235854

2023-11-08 15:38:17
0
0.08841463414634144
0.30288315629742035
0.3139745916515426
0.33662754786905497
0.36815016651528915
0.35801713586291306
0.38545454545454544
0.37918441874619596
0.3802514566084023
0.38147807421036495

2023-11-08 16:40:02
0
0.1630112625963248
0.2691326530612245
0.2608428175945863
0.30754892823858343
0.29542483660130714
0.33499377334993774
0.2889447236180905
0.3005635566687539
0.31330472103004287
0.31475811390079605

2023-11-08 16:54:51
0
0.05350066050198151
0.10013262599469495
0.14200792602377807
0.1637961335676626
0.15533310321021745
0.14790575916230364
0.1388418557399255
0.1511111111111111
0.1405042016806723

2023-11-08 17:08:16
0
0.1280701754385965
0.22048315753657707
0.23340177960301164
0.2544017247574559
0.30046656298600316
0.31857835218093705
0.30841121495327106
0.3151356652500817
0.32184655396618983
0.3211488250652742

2023-11-08 17:23:15
0
0.08528784648187633
0.19852034525277434
0.25719424460431656
0.3213429256594724
0.3373277411623727
0.34544371649791544
0.3726708074534162
0.3744782349433512
0.37708830548926014
0.37708830548926014

2023-11-08 17:37:58
0
0.08846857840146431
0.30166919575113804
0.3140695915279879
0.3357032457496136
0.36787878787878797
0.35801713586291306
0.38570996064184077
0.3807493146512336

2023-11-08 17:50:09
0.3818571866380631
0
0.3818571866380631
0.23160673045199606
0.21063464837049742
0.2221450885109337
0.31394215144621385
0.2842234499693063
0.27144607843137253
0.2778473091364205
0.27920049968769517
0.28192161820480405

2023-11-08 17:55:59
0
0.2020792722547108
0.2216358839050132
0.19614711033274956
0.3203817314246762
0.2223719676549865
0.2121546961325967
0.24549237170596394
0.29296131896005073
0.2771317829457364

2023-11-08 18:01:08
0
0.1567472009428403
0.2890282131661442
0.37886748394629305
0.3792085056113408
0.39836632108074144
0.3993730407523511
0.4087952926602663
0.4124729854893486
0.4066852367688022
0.40578817733990147

2023-11-08 18:06:50
0
0.13338038108680314
0.2139240506329114
0.221736414740787
0.2540736270368136
0.3001215066828676
0.3036714374611077
0.2822047244094489
0.3079259034315214
0.3181958603645351
0.31862745098039214

2023-11-08 18:12:41
0
0.18970736629667004
0.22982131854590263
0.25608386372145264
0.3422982885085574
0.3536895674300254
0.34877036090705843
0.357801080394026
0.35981161695447406
0.36460957178841313
0.36323436512950097

2023-11-08 18:21:42
0
0.21650454973329147
0.31409317316144153
0.2151162790697674
0.3231950844854071
0.28775113415424497
0.29834942385549673
0.30874147551146935
0.3159528243327126
0.31937984496124033

2023-11-08 18:38:06
0
0.21972373915836813
0.298828125
0.27360171001068756
0.28886010362694303
0.17939551511212218
0.2622615803814714
0.22612217347283156

2023-11-08 18:50:42
0
0.152760736196319
0.3328501014786895
0.35746470411535
0.3966244725738397
0.38845309068089107
0.4007375537799631
0.40212965862824923
0.40372670807453415
0.4026014245896563
0.40655940594059403

2023-11-08 19:08:04
0
0.1374738311235171
0.20157583716349312
0.21673953778888194
0.2640539672341793
0.30828175655761864
0.28073339344755033
0.3132748714847294
0.3112168997322226
0.3223684210526316
0.32685987451449056

2023-11-08 19:25:27
0
0.1801566579634465
0.261519302615193
0.36331042724828205
0.3605947955390335
0.380272952853598
0.37759207675642215
0.3938366718027735
0.38657551274083285
0.39539227895392287
0.39364683899096853

2023-11-08 19:52:54
0
0.22474226804123712
0.29756537421100093
0.36243386243386244
0.3825650674192536
0.39641943734015345
0.3996253512332189
0.3790765256700033
0.3869537682077264
0.3818872704243192
0.379641485275288

2023-11-08 19:59:22
0
0.09849906191369608
0.3082251082251083
0.21889914094813873
0.33203242269588706
0.33056835637480797
0.33773411114522567
0.33131570563873836
0.33291219204042954
0.3268015170670038
0.31866366848699

2023-11-08 20:05:39
0
0.1895424836601307
0.41410256410256413
0.38254080908445715
0.4621794871794872
0.4772935080768058
0.45955303745672016
0.47003451521807343
0.47589424572317257
0.48052352757868494
0.48067331670822944

2023-11-08 20:12:02
0
0.15719467956469166
0.2895226286422815
0.3108026554013277
0.43211037942928815
0.41252955082742315
0.41379310344827586
0.39939209726443775
0.40918580375782876
0.40813883901855175

2023-11-08 20:18:13
0
0.1362664222425909
0.34623722514710437
0.4160870879951618
0.37598239547312157
0.388355528027253
0.40176600441501104
0.41236476043276654
0.4119458128078818

2023-11-08 20:34:31
0
0.17943107221006566
0.36477238916988997
0.36711947056774635
0.33203883495145625
0.35754189944134074
0.358283745693705
0.3573648228713487
0.35886214442013126

2023-11-08 20:55:20
0
0.11342704798836646
0.20504731861198736
0.3367799113737075
0.34771326629905935
0.30918499353169476
0.32461393003466754
0.336260162601626
0.33513513513513515
0.33121827411167515

2023-11-08 21:18:06
0
0.20465434633812457
0.35926055109870947
0.4055448098001289
0.41479607967119825
0.45084951456310685
0.4167210973220118
0.45440300846129744
0.4543163201008192
0.46317768724537756
0.4653774173424829

2023-11-08 21:43:29
0
0.12078745412078745
0.31876138433515483
0.31238779174147213
0.3763859754270303
0.4031814010400734
0.4240218380345769
0.40669710806697107
0.39069490008947216
0.42000000000000004
0.41101694915254244

2023-11-08 22:09:08
0
0.20040899795501022
0.4104234527687296
0.3819288689522588
0.3991269098846274
0.4077731761707549
0.4285714285714286
0.4333733493397359
0.42795830778663396
0.4323995127892814
0.4320875113947129

2023-11-08 23:08:55
0
0.1489883507050889
0.28091982597886883
0.333116036505867
0.3305139882888744
0.33377926421404686
0.36776463063639275
0.35651892591394374
0.354551241247613
0.3517555266579974
0.35488041370394313

2023-11-08 23:16:47
0
0.18405663281009543
0.14610276127228242
0.23344947735191637
0.2765188834154351
0.29269882659713164
0.29468911917098445
0.28543814432989695
0.3047375160051216
0.3028146230993206
0.31092436974789917

2023-11-08 23:24:17
0
0.14358001265022138
0.2969004893964111
0.324380885943495
0.3745949449125081
0.3871184166387119
0.39948865452221155
0.40777917189460483
0.4175257731958763
0.4201734661098619
0.4189748487742757

2023-11-08 23:31:53
0
0.07708779443254819
0.1980849790544584
0.28797083839611176
0.29744866210329807

2023-11-08 23:39:55
0
0.14184397163120568
0.333228544482867
0.3279763857002296
0.33561175666438825
0.3664265580958346
0.3660598179453836
0.381777350016041
0.3701112877583465
0.3725992317541614
0.37516005121638923

2023-11-08 23:52:14
0
0.20097020097020096
0.2934679709687599
0.20406626506024098
0.2826086956521739
0.3145654834761322
0.31482649842271293
0.3087719298245614
0.30832803560076294
0.3141394753678823
0.31743002544529264

2023-11-09 00:04:39
0
0.19235836627140973
0.33781965006729475
0.4038020321206161
0.3773584905660377
0.468149954282231
0.4289990023279016
0.46212603437301075
0.46835443037974683
0.46630813033850044
0.46706586826347307

2023-11-09 00:17:02
0
0.11143695014662758
0.21097601051593823
0.33816139521135086
0.3035443804907604

2023-11-09 00:24:26
0
0.10966232029421598
0.13003663003663002
0.13873581847649918
0.19354838709677422
0.22201198360138757
0.23939202026599116
0.25608599430920015
0.26581875993640697
0.26449968132568513
0.2663685723411051

2023-11-09 00:47:26
0
0.08413793103448278
0.09066121336059986
0.1265253692999358
0.16402970616725865
0.18211702827087442
0.2075654704170708
0.22953964194373402
0.22765818656229617
0.22840314136125653

2023-11-09 01:09:38
0
0.14237855946398661
0.41937581274382313
0.3071358105886222
0.2731152204836415
0.3885390428211587
0.34984326018808776
0.36318096430807756

2023-11-09 01:26:05
0
0.06742857142857142
0.26011560693641617
0.3612412177985948
0.34827691369319913
0.3141935483870968
0.3291692692067458
0.3263124803520905
0.32744479495268136

2023-11-09 01:44:39
0
0.1307506053268765
0.32780979827089335
0.40952675533560157
0.48168206435170435
0.4870308208727495
0.45023547880690734
0.4621613204609156
0.466875
0.4698907956318253
0.4705515736989716

2023-11-09 02:07:56
0
0.061653432975245205
0.31302339012416985
0.2768826044064453
0.400360144057623
0.4206086170533293
0.4211130235226621
0.4308943089430894
0.43615160349854226
0.43653341114677563
0.43607705779334505

2023-11-09 02:32:50
0
0.2618687632295132
0.4794053886652215
0.3828174352495262
0.45641178220767625
0.43791241751649673
0.44101633393829404
0.444377630787733

2023-11-09 13:04:30
0
0.20164301717699776
0.36115149752835124
0.3711145996860283
0.3672440944881889
0.3765871786930938
0.37650695517774346
0.37654320987654327
0.38086419753086415
0.38335901386748844
0.38335901386748844

2023-11-09 13:13:02
0
0.16854401335002087
0.3604118993135011
0.2432594367884961
0.2752075919335706
0.32674727219109406
0.30223642172523957
0.33495440729483283

2023-11-09 13:18:02
0
0.19190968955785512
0.4251601630751311
0.23270223752151462
0.357331571994716
0.38611987381703466
0.4037854889589906
0.41185745821507413

2023-11-09 13:22:59
0
0.17611489040060468
0.2712859659424545
0.43173862310385064
0.4702970297029703
0.3918959782280012
0.41952983725135623
0.4241699072689201
0.4266507319988049
0.4235716422375112

2023-11-09 13:29:36
0
0.24121935056328694
0.29470404984423676
0.3437779767233661
0.2985622514530437
0.3572087304027052
0.37579425113464443
0.38014527845036317
0.3784764207980653
0.3802902055622733
0.3821039903264813

2023-11-09 13:55:40
0
0.05808219178082191
0.31676300578034683
0.32714535901926445
0.2820037105751391
0.34345238095238095
0.32632211538461536
0.3299155609167672
0.331925165962583
0.3338364020525204
0.33403805496828753

2023-11-09 14:15:48
0
0.15041128084606345
0.3390357698289269
0.2949042284062161
0.2543275632490013
0.2515640434639447
0.25066137566137564
0.2526809651474531

2023-11-09 14:28:43
0
0.23529411764705882
0.40731219651528133
0.4312699796570764
0.3829787234042554
0.37832984136486086
0.383208395802099
0.3869226154769046
0.3892053973013494

2023-11-09 14:44:45
0
0.291679273827534
0.27378507871321006
0.3915626856803328
0.19097832454598712
0.3433681073025336
0.35318642048838594
0.35833333333333334
0.35773809523809524

2023-11-09 14:59:55
0
0.4304773198932701
0.3311764705882353
0.44417838970368156
0.3175470552519733
0.3348581884720952
0.3464566929133858
0.35137586936800724
0.3523002421307506

2023-11-09 15:22:17
0
0.14814814814814814
0.27624671916010496
0.2720055229547808
0.3632874960025583
0.35802469135802467
0.36120609263288783
0.3609022556390977
0.3624413145539906
0.36232790988735913

2023-11-09 15:29:06
0
0.049079754601226995
0.2642089093701997
0.28047182175622537
0.2938271604938272
0.31613480465254995
0.3107497741644083
0.3123304190533615
0.30940892641737033
0.311178247734139
0.31094978826376285

2023-11-09 15:34:33
0
0.22787193973634653
0.2849800114220446
0.29987212276214836
0.3894523326572008
0.3810365135453474
0.37096296296296294
0.371513353115727
0.37213456385829113
0.3717605004468275

2023-11-09 15:39:31
0
0.30469441984056683
0.2330535829567463
0.2460054265902924
0.2857142857142857
0.29586877278250306
0.31297020764369543
0.3057401812688822
0.30178409434532805
0.30178409434532805
0.30117931660114905

2023-11-09 15:44:48
0
0.388905457798986
0.291319857312723
0.3328299607369375
0.3475198121514529
0.3425512934879572
0.3426698450536353

2023-11-09 15:54:42
0
0.2827586206896552
0.23237962316817865
0.3181683021112103
0.3551286024171057
0.34664246823956446
0.3629106539760516
0.35478903603326145
0.3576485072329947
0.35793357933579334
0.35843836458653555

2023-11-09 16:10:18
0
0.10312382386149793
0.14038589487691286
0.10897009966777409
0.22907180385288967
0.1943402659393113
0.1846877098723976
0.1693877551020408
0.16977928692699493
0.1701118264994917

2023-11-09 16:24:34
0
0.331221198156682
0.14907921660333234
0.348294434470377
0.3568945538818077
0.36811926605504586
0.36975273145485915
0.37017846862406445
0.3675115207373271
0.368299711815562
0.3677233429394813

2023-11-09 16:39:32
0
0.0916162489196197
0.3420216147488875
0.389230318993269
0.36792181661396955
0.3971139971139971
0.4005780346820809
0.40104016180294716
0.4039295001444669
0.4045073678127709
0.4045073678127709

2023-11-09 16:54:42
0
0.29210220673635306
0.3389232127096205
0.3091557669441142
0.3445427728613569
0.35401352543369596
0.3503090962614071
0.3498970890914437
0.3499263622974963
0.35020600353148906
0.34964622641509435

2023-11-09 19:23:27
0
0.1473929507719196
0.28048780487804875
0.34710743801652894
0.23031799938252548
0.32044198895027626
0.3229324447137231
0.32607380520266177
0.32667876588021777

2023-11-09 19:28:00
0
0.07827788649706459
0.14788732394366197
0.27955625990491284
0.14378145219266716
0.1675797615211086
0.17127971344838816
0.16776315789473684
0.1661721068249258

2023-11-09 19:32:23
0
0.24537037037037038
0.26771139405811295
0.2378179589334968
0.22498554077501448
0.25166329187156494
0.24992751522180343
0.24956471271038885

2023-11-09 19:36:26
0
0.10329734461628245
0.26049700085689803
0.39623233908948197
0.4300951282790429
0.4272189349112426
0.39166666666666666
0.39785285759393746
0.40050298648223825
0.400752587017874

2023-11-09 19:41:12
0
0.20857142857142857
0.3436426116838488
0.35398230088495575
0.3433501933948229
0.3526970954356846
0.3605099318114438
0.36245188036718984
0.36444444444444446
0.3651452282157676
0.36573799644339056

2024-02-06 15:35:29
0.01818181818181818
0.5948198868710927
0.6639975361872498
0.6914428482198626
0.7103687362117871
0.7093167701863353
0.7224865207738661
0.7141967621419677
0.712354605469978
0.7155905511811023
0.7136090937796021

2024-02-06 19:06:35
0.01818181818181818
0.5824665676077266
0.6658514215836135
0.6952526799387443
0.6938902743142144
0.7032761310452419
0.7080314960629922
0.7051482059282372
0.7048513302034428
0.7099811676082862
0.708582206853191

2024-02-06 19:56:15
0.01818181818181818
0.6603654694391934
0.7101940252540807
0.7275039745627981
0.7194020554344441
0.7127249357326478
0.6979645436638214
0.7228452419096444
0.7121794871794872

2024-02-06 20:48:07
0.01818181818181818
0.5843230403800476
0.667685723020483
0.7041129527317372
0.7050359712230215
0.7073170731707317
0.7173981686138301
0.7084502650452135
0.7151819322459222
0.7145105445388731
0.7190160832544938

2024-02-06 21:32:28
0.01818181818181818
0.5816993464052287
0.6670750382848392
0.6995708154506438
0.6922596754057428
0.7069825436408976
0.7085173501577287
0.7051482059282372
0.7082028804007514
0.7087256748273697
0.710204081632653

2024-03-21 14:54:10
0.017391304347826087
0.5431949075477417
0.6189613526570048
0.6442542787286064
0.6364772017489071
0.6558704453441295
0.6525851197982346
0.6554307116104868
0.6561712846347607
0.6522979397781299
0.6536030341340076

2024-03-21 21:33:36
0.017391304347826087
0.5490314769975786
0.6219806763285024
0.6451612903225806
0.6343001261034048
0.660853316723762
0.6563389187480241
0.6570893191755153
0.6588829283685705
0.6567258883248731
0.6577946768060836

2024-03-21 23:55:08
0.017391304347826087
0.5488062858869749
0.6233373639661427
0.6400245926836765
0.6333122229259024
0.6569115815691158
0.6536030341340076
0.6564647095565271
0.6573957016434893
0.6510449651678278
0.6556962025316456
